area   Valjevo Brdjani   
1 64 64 0 0 0 0 100 100 0 0 
1 128 64 0 0 0 0 100 100 0 0 
1 256 64 0 0 0 0 100 100 0 0 
1 512 128 0 0 0 0 100 100 0 0 
1 448 128 0 0 0 0 100 100 0 0 
9 192 128 1 1 1 0 100 100 0 0 
1 128 128 0 0 0 0 100 100 0 0 
1 64 128 0 0 0 0 100 100 0 0 
1 128 192 0 0 0 0 100 100 0 0 
1 512 192 0 0 0 0 100 100 0 0 
1 512 256 0 0 0 0 100 100 0 0 
1 448 256 0 0 0 0 100 100 0 0 
1 192 256 0 0 0 0 100 100 0 0 
1 128 256 0 0 0 0 100 100 0 0 
1 64 256 0 0 0 0 100 100 0 0 
1 64 320 0 0 0 0 100 100 0 0 
1 128 320 0 0 0 0 100 100 0 0 
1 192 320 0 0 0 0 100 100 0 0 
1 384 320 0 0 0 0 100 100 0 0 
4 256 256 0 0 0 0 100 100 0 0 
4 320 256 0 0 0 0 100 100 0 0 
3 256 320 1 0 0 0 100 100 0 0 
3 320 320 1 0 0 0 100 100 0 0 
5 256 192 0 0 0 0 100 100 0 0 
5 320 192 0 0 0 0 100 100 0 0 
1 64 384 0 0 0 0 100 100 0 0 
1 128 384 0 0 0 0 100 100 0 0 
1 128 448 0 0 0 0 100 100 0 0 
1 64 448 0 0 0 0 100 100 0 0 
1 64 512 0 0 0 0 100 100 0 0 
3 256 384 1 0 0 0 100 100 0 0 
3 320 384 1 0 0 0 100 100 0 0 
3 192 448 1 0 0 0 100 100 0 0 
3 256 448 1 0 0 0 100 100 0 0 
3 320 448 1 0 0 0 100 100 0 0 
3 192 576 1 0 0 0 100 100 0 0 
3 128 576 1 0 0 0 100 100 0 0 
3 128 640 1 0 0 0 100 100 0 0 
3 64 640 1 0 0 0 100 100 0 0 
3 192 640 1 0 0 0 100 100 0 0 
3 128 704 1 0 0 0 100 100 0 0 
3 64 704 1 0 0 0 100 100 0 0 
3 192 704 1 0 0 0 100 100 0 0 
3 256 640 1 0 0 0 100 100 0 0 
3 256 704 1 0 0 0 100 100 0 0 
3 320 704 1 0 0 0 100 100 0 0 
3 384 704 1 0 0 0 100 100 0 0 
7 448 704 1 0 0 0 100 100 0 0 
7 512 704 1 0 0 0 100 100 0 0 
7 576 704 1 0 0 0 100 100 0 0 
7 640 704 1 0 0 0 100 100 0 0 
7 704 704 1 0 0 0 100 100 0 0 
7 768 704 1 0 0 0 100 100 0 0 
7 832 704 1 0 0 0 100 100 0 0 
7 896 704 1 0 0 0 100 100 0 0 
7 960 704 1 0 0 0 100 100 0 0 
7 1024 704 1 0 0 0 100 100 0 0 
7 1088 704 1 0 0 0 100 100 0 0 
1 448 640 0 0 0 0 100 100 0 0 
1 576 640 0 0 0 0 100 100 0 0 
1 640 640 0 0 0 0 100 100 0 0 
1 704 640 0 0 0 0 100 100 0 0 
1 768 640 0 0 0 0 100 100 0 0 
1 896 640 0 0 0 0 100 100 0 0 
1 832 640 0 0 0 0 100 100 0 0 
1 1024 640 0 0 0 0 100 100 0 0 
1 1088 640 0 0 0 0 100 100 0 0 
0 1152 192 1 0 0 0 100 100 0 0 
3 320 128 1 0 0 0 100 100 0 0 
3 384 128 1 0 0 0 100 100 0 0 
3 448 64 1 0 0 0 100 100 0 0 
3 384 64 1 0 0 0 100 100 0 0 
3 320 64 1 0 0 0 100 100 0 0 
3 256 128 1 0 0 0 100 100 0 0 
1 256 576 0 0 0 0 100 100 0 0 
1 320 512 0 0 0 0 100 100 0 0 
1 320 576 0 0 0 0 100 100 0 0 
1 320 640 0 0 0 0 100 100 0 0 
1 384 640 0 0 0 0 100 100 0 0 
1 384 576 0 0 0 0 100 100 0 0 
1 384 512 0 0 0 0 100 100 0 0 
1 512 576 0 0 0 0 100 100 0 0 
1 576 448 0 0 0 0 100 100 0 0 
1 576 576 0 0 0 0 100 100 0 0 
1 576 512 0 0 0 0 100 100 0 0 
1 640 576 0 0 0 0 100 100 0 0 
1 640 512 0 0 0 0 100 100 0 0 
1 704 512 0 0 0 0 100 100 0 0 
1 704 576 0 0 0 0 100 100 0 0 
1 768 512 0 0 0 0 100 100 0 0 
1 832 576 0 0 0 0 100 100 0 0 
1 960 576 0 0 0 0 100 100 0 0 
1 896 576 0 0 0 0 100 100 0 0 
1 1088 512 0 0 0 0 100 100 0 0 
1 1088 576 0 0 0 0 100 100 0 0 
1 1024 576 0 0 0 0 100 100 0 0 
1 1088 448 0 0 0 0 100 100 0 0 
1 1024 448 0 0 0 0 100 100 0 0 
1 960 448 0 0 0 0 100 100 0 0 
1 704 448 0 0 0 0 100 100 0 0 
1 640 448 0 0 0 0 100 100 0 0 
1 640 384 0 0 0 0 100 100 0 0 
1 640 320 0 0 0 0 100 100 0 0 
1 640 256 0 0 0 0 100 100 0 0 
1 640 128 0 0 0 0 100 100 0 0 
1 640 192 0 0 0 0 100 100 0 0 
1 640 64 0 0 0 0 100 100 0 0 
1 704 64 0 0 0 0 100 100 0 0 
1 768 64 0 0 0 0 100 100 0 0 
1 832 64 0 0 0 0 100 100 0 0 
1 960 64 0 0 0 0 100 100 0 0 
1 1024 64 0 0 0 0 100 100 0 0 
1 1088 64 0 0 0 0 100 100 0 0 
1 1088 128 0 0 0 0 100 100 0 0 
1 1024 128 0 0 0 0 100 100 0 0 
1 960 128 0 0 0 0 100 100 0 0 
1 896 128 0 0 0 0 100 100 0 0 
1 768 128 0 0 0 0 100 100 0 0 
1 704 128 0 0 0 0 100 100 0 0 
1 704 192 0 0 0 0 100 100 0 0 
1 704 320 0 0 0 0 100 100 0 0 
1 704 384 0 0 0 0 100 100 0 0 
1 768 320 0 0 0 0 100 100 0 0 
1 768 192 0 0 0 0 100 100 0 0 
1 768 256 0 0 0 0 100 100 0 0 
1 832 192 0 0 0 0 100 100 0 0 
1 896 192 0 0 0 0 100 100 0 0 
1 960 192 0 0 0 0 100 100 0 0 
1 1024 192 0 0 0 0 100 100 0 0 
1 1088 192 0 0 0 0 100 100 0 0 
1 1088 256 0 0 0 0 100 100 0 0 
1 1088 320 0 0 0 0 100 100 0 0 
1 1088 384 0 0 0 0 100 100 0 0 
1 960 384 0 0 0 0 100 100 0 0 
1 832 256 0 0 0 0 100 100 0 0 
1 896 256 0 0 0 0 100 100 0 0 
1 896 320 0 0 0 0 100 100 0 0 
1 960 320 0 0 0 0 100 100 0 0 
1 1024 256 0 0 0 0 100 100 0 0 
1 1024 320 0 0 0 0 100 100 0 0 
1 1152 64 0 0 0 0 100 100 0 0 
1 1152 128 0 0 0 0 100 100 0 0 
7 512 320 1 0 0 0 100 100 0 0 
7 448 384 1 0 0 0 100 100 0 0 
7 512 384 1 0 0 0 100 100 0 0 
7 448 448 1 0 0 0 100 100 0 0 
7 384 448 1 0 0 0 100 100 0 0 
3 384 384 1 0 0 0 100 100 0 0 
4 192 512 0 0 0 0 100 100 0 0 
4 256 512 0 0 0 0 100 100 0 0 
2 64 576 0 0 0 0 100 100 0 0 
2 192 384 0 0 0 0 100 100 0 0 
2 64 192 0 0 0 0 100 100 0 0 
2 384 256 0 0 0 0 100 100 0 0 
2 448 192 0 0 0 0 100 100 0 0 
2 512 64 0 0 0 0 100 100 0 0 
2 448 320 0 0 0 0 100 100 0 0 
0 832 320 1 0 0 0 100 100 0 0 
0 960 256 1 0 0 0 100 100 0 0 
0 1024 512 1 0 0 0 100 100 0 0 
0 768 576 1 0 0 0 100 100 0 0 
3 896 448 1 0 0 0 100 100 0 0 
3 832 448 1 0 0 0 100 100 0 0 
3 896 512 1 0 0 0 100 100 0 0 
2 832 512 0 0 0 0 100 100 0 0 
2 896 384 0 0 0 0 100 100 0 0 
2 960 512 0 0 0 0 100 100 0 0 
2 768 448 0 0 0 0 100 100 0 0 
4 832 384 0 0 0 0 100 100 0 0 
5 768 384 0 0 0 0 100 100 0 0 
5 576 384 0 0 0 0 100 100 0 0 
4 512 448 0 0 0 0 100 100 0 0 
7 0 704 1 0 0 0 100 100 0 0 
7 0 640 1 0 0 0 100 100 0 0 
7 0 576 1 0 0 0 100 100 0 0 
7 0 512 1 0 0 0 100 100 0 0 
7 0 448 1 0 0 0 100 100 0 0 
7 0 384 1 0 0 0 100 100 0 0 
7 0 320 1 0 0 0 100 100 0 0 
7 0 256 1 0 0 0 100 100 0 0 
7 0 192 1 0 0 0 100 100 0 0 
7 0 128 1 0 0 0 100 100 0 0 
7 0 64 1 0 0 0 100 100 0 0 
7 0 0 1 0 0 0 100 100 0 0 
7 64 0 1 0 0 0 100 100 0 0 
7 128 0 1 0 0 0 100 100 0 0 
7 256 0 1 0 0 0 100 100 0 0 
7 192 0 1 0 0 0 100 100 0 0 
7 320 0 1 0 0 0 100 100 0 0 
7 384 0 1 0 0 0 100 100 0 0 
7 448 0 1 0 0 0 100 100 0 0 
7 512 0 1 0 0 0 100 100 0 0 
7 576 0 1 0 0 0 100 100 0 0 
7 576 64 1 0 0 0 100 100 0 0 
7 576 128 1 0 0 0 100 100 0 0 
7 576 192 1 0 0 0 100 100 0 0 
7 576 256 1 0 0 0 100 100 0 0 
7 576 320 1 0 0 0 100 100 0 0 
8 1152 0 1 0 0 0 100 100 0 0 
8 1088 0 1 0 0 0 100 100 0 0 
8 1024 0 1 0 0 0 100 100 0 0 
8 960 0 1 0 0 0 100 100 0 0 
8 896 0 1 0 0 0 100 100 0 0 
8 832 0 1 0 0 0 100 100 0 0 
8 768 0 1 0 0 0 100 100 0 0 
8 704 0 1 0 0 0 100 100 0 0 
8 640 0 1 0 0 0 100 100 0 0 
1 512 640 0 0 0 0 100 100 0 0 
1 448 576 0 0 0 0 100 100 0 0 
1 448 512 0 0 0 0 100 100 0 0 
1 512 512 0 0 0 0 100 100 0 0 
6 512 512 0 1 0 0 100 100 0 0 
6 448 512 0 1 0 0 100 100 0 0 
6 448 576 0 1 0 0 100 100 0 0 
6 512 640 0 1 0 0 100 100 0 0 
1 128 512 0 0 0 0 100 100 0 0 
6 128 512 0 1 0 0 100 100 0 0 
1 192 64 0 0 0 0 100 100 0 0 
6 192 64 0 1 0 0 100 100 0 0 
1 896 64 0 0 0 0 100 100 0 0 
1 832 128 0 0 0 0 100 100 0 0 
1 704 256 0 0 0 0 100 100 0 0 
6 704 256 0 1 0 0 100 100 0 0 
6 832 128 0 1 0 0 100 100 0 0 
6 896 64 0 1 0 0 100 100 0 0 
1 1024 384 0 0 0 0 100 100 0 0 
6 1024 384 0 1 0 0 100 100 0 0 
1 960 640 0 0 0 0 100 100 0 0 
6 960 640 0 1 0 0 100 100 0 0 
0 1152 640 1 0 0 0 100 100 0 0 
0 1152 576 1 0 0 0 100 100 0 0 
0 1152 512 1 0 0 0 100 100 0 0 
0 1152 448 1 0 0 0 100 100 0 0 
0 1152 384 1 0 0 0 100 100 0 0 
0 1152 320 1 0 0 0 100 100 0 0 
0 1152 256 1 0 0 0 100 100 0 0 
7 1152 704 1 0 0 0 100 100 0 0 
1 384 192 0 0 0 0 100 100 0 0 
6 384 192 0 1 0 0 100 100 0 0 
box 1216 768 
