area Valjevo Peti puk   
0 0 192 1 0 0 0 100 100 0 0 
0 128 384 1 0 0 0 100 100 0 0 
0 192 384 1 0 0 0 100 100 0 0 
0 448 384 1 0 0 0 100 100 0 0 
0 512 384 1 0 0 0 100 100 0 0 
0 576 384 1 0 0 0 100 100 0 0 
0 640 384 1 0 0 0 100 100 0 0 
1 64 64 0 0 0 0 100 100 0 0 
1 128 64 0 0 0 0 100 100 0 0 
1 192 64 0 0 0 0 100 100 0 0 
1 256 64 0 0 0 0 100 100 0 0 
1 320 64 0 0 0 0 100 100 0 0 
1 384 64 0 0 0 0 100 100 0 0 
1 448 64 0 0 0 0 100 100 0 0 
1 512 64 0 0 0 0 100 100 0 0 
1 576 64 0 0 0 0 100 100 0 0 
1 512 128 0 0 0 0 100 100 0 0 
1 448 128 0 0 0 0 100 100 0 0 
1 192 128 0 0 0 0 100 100 0 0 
1 128 128 0 0 0 0 100 100 0 0 
1 64 128 0 0 0 0 100 100 0 0 
1 64 192 0 0 0 0 100 100 0 0 
1 128 192 0 0 0 0 100 100 0 0 
1 192 192 0 0 0 0 100 100 0 0 
1 448 192 0 0 0 0 100 100 0 0 
1 512 192 0 0 0 0 100 100 0 0 
1 576 256 0 0 0 0 100 100 0 0 
1 512 256 0 0 0 0 100 100 0 0 
1 448 256 0 0 0 0 100 100 0 0 
1 192 256 0 0 0 0 100 100 0 0 
1 128 256 0 0 0 0 100 100 0 0 
1 64 256 0 0 0 0 100 100 0 0 
1 64 320 0 0 0 0 100 100 0 0 
1 128 320 0 0 0 0 100 100 0 0 
1 192 320 0 0 0 0 100 100 0 0 
1 384 320 0 0 0 0 100 100 0 0 
1 448 320 0 0 0 0 100 100 0 0 
1 512 320 0 0 0 0 100 100 0 0 
1 576 320 0 0 0 0 100 100 0 0 
7 64 384 1 0 0 0 100 100 0 0 
7 384 384 1 0 0 0 100 100 0 0 
7 192 0 1 0 0 0 100 100 0 0 
7 64 0 1 0 0 0 100 100 0 0 
7 384 0 1 0 0 0 100 100 0 0 
7 448 0 1 0 0 0 100 100 0 0 
7 512 0 1 0 0 0 100 100 0 0 
1 0 128 0 0 0 0 100 100 0 0 
1 0 64 0 0 0 0 100 100 0 0 
4 256 256 0 0 0 0 100 100 0 0 
4 320 256 0 0 0 0 100 100 0 0 
3 256 320 1 0 0 0 100 100 0 0 
3 320 320 1 0 0 0 100 100 0 0 
5 256 192 0 0 0 0 100 100 0 0 
5 320 192 0 0 0 0 100 100 0 0 
0 704 384 1 0 0 0 100 100 0 0 
0 768 384 1 0 0 0 100 100 0 0 
0 832 384 1 0 0 0 100 100 0 0 
0 896 384 1 0 0 0 100 100 0 0 
1 1088 192 0 0 0 0 100 100 0 0 
1 1088 128 0 0 0 0 100 100 0 0 
1 1024 128 0 0 0 0 100 100 0 0 
1 1024 192 0 0 0 0 100 100 0 0 
1 576 128 0 0 0 0 100 100 0 0 
1 576 192 0 0 0 0 100 100 0 0 
1 640 128 0 0 0 0 100 100 0 0 
1 640 64 0 0 0 0 100 100 0 0 
1 704 64 0 0 0 0 100 100 0 0 
1 768 64 0 0 0 0 100 100 0 0 
1 832 64 0 0 0 0 100 100 0 0 
1 896 64 0 0 0 0 100 100 0 0 
1 960 64 0 0 0 0 100 100 0 0 
1 1024 64 0 0 0 0 100 100 0 0 
1 960 128 0 0 0 0 100 100 0 0 
1 896 128 0 0 0 0 100 100 0 0 
1 832 128 0 0 0 0 100 100 0 0 
1 768 128 0 0 0 0 100 100 0 0 
1 704 128 0 0 0 0 100 100 0 0 
1 640 192 0 0 0 0 100 100 0 0 
1 640 256 0 0 0 0 100 100 0 0 
1 640 320 0 0 0 0 100 100 0 0 
1 704 192 0 0 0 0 100 100 0 0 
1 768 192 0 0 0 0 100 100 0 0 
1 768 256 0 0 0 0 100 100 0 0 
1 832 256 0 0 0 0 100 100 0 0 
1 896 192 0 0 0 0 100 100 0 0 
1 960 192 0 0 0 0 100 100 0 0 
1 960 256 0 0 0 0 100 100 0 0 
1 896 256 0 0 0 0 100 100 0 0 
1 1024 256 0 0 0 0 100 100 0 0 
1 1024 320 0 0 0 0 100 100 0 0 
1 960 320 0 0 0 0 100 100 0 0 
1 896 320 0 0 0 0 100 100 0 0 
1 832 320 0 0 0 0 100 100 0 0 
1 768 320 0 0 0 0 100 100 0 0 
1 832 192 0 0 0 0 100 100 0 0 
1 704 256 0 0 0 0 100 100 0 0 
1 704 320 0 0 0 0 100 100 0 0 
1 320 128 0 0 0 0 100 100 0 0 
1 256 128 0 0 0 0 100 100 0 0 
6 256 128 0 1 0 0 100 100 0 0 
6 320 128 0 1 0 0 100 100 0 0 
0 0 384 1 0 0 0 100 100 0 0 
0 0 256 1 0 0 0 100 100 0 0 
7 0 320 1 0 0 0 100 100 0 0 
0 0 0 1 0 0 0 100 100 0 0 
0 128 0 1 0 0 0 100 100 0 0 
0 320 0 1 0 0 0 100 100 0 0 
0 256 0 1 0 0 0 100 100 0 0 
0 960 0 1 0 0 0 100 100 0 0 
0 896 0 1 0 0 0 100 100 0 0 
0 832 0 1 0 0 0 100 100 0 0 
0 704 0 1 0 0 0 100 100 0 0 
0 768 0 1 0 0 0 100 100 0 0 
0 640 0 1 0 0 0 100 100 0 0 
0 576 0 1 0 0 0 100 100 0 0 
0 1088 0 1 0 0 0 100 100 0 0 
0 1024 0 1 0 0 0 100 100 0 0 
0 1088 64 1 0 0 0 100 100 0 0 
0 1088 256 1 0 0 0 100 100 0 0 
0 1088 320 1 0 0 0 100 100 0 0 
0 1088 384 1 0 0 0 100 100 0 0 
0 1024 384 1 0 0 0 100 100 0 0 
0 960 384 1 0 0 0 100 100 0 0 
0 384 128 1 0 0 0 100 100 0 0 
0 384 192 1 0 0 0 100 100 0 0 
0 384 256 1 0 0 0 100 100 0 0 
0 256 384 1 0 0 0 100 100 0 0 
7 320 384 1 0 0 0 100 100 0 0 
box 1152 448 
