0 128 896 1 0 0 0 100 100 0 0 
0 192 896 1 0 0 0 100 100 0 0 
0 256 896 1 0 0 0 100 100 0 0 
0 320 896 1 0 0 0 100 100 0 0 
0 384 896 1 0 0 0 100 100 0 0 
0 448 896 1 0 0 0 100 100 0 0 
0 512 896 1 0 0 0 100 100 0 0 
0 576 896 1 0 0 0 100 100 0 0 
0 640 896 1 0 0 0 100 100 0 0 
0 704 896 1 0 0 0 100 100 0 0 
0 768 896 1 0 0 0 100 100 0 0 
0 832 896 1 0 0 0 100 100 0 0 
0 896 896 1 0 0 0 100 100 0 0 
0 960 896 1 0 0 0 100 100 0 0 
0 1152 896 1 0 0 0 100 100 0 0 
0 1216 896 1 0 0 0 100 100 0 0 
0 1280 896 1 0 0 0 100 100 0 0 
0 1344 896 1 0 0 0 100 100 0 0 
0 1408 896 1 0 0 0 100 100 0 0 
0 1472 896 1 0 0 0 100 100 0 0 
1 64 64 0 0 0 0 100 100 0 0 
1 128 64 0 0 0 0 100 100 0 0 
1 192 64 0 0 0 0 100 100 0 0 
1 256 64 0 0 0 0 100 100 0 0 
1 320 64 0 0 0 0 100 100 0 0 
1 448 64 0 0 0 0 100 100 0 0 
1 512 64 0 0 0 0 100 100 0 0 
1 576 64 0 0 0 0 100 100 0 0 
1 640 64 0 0 0 0 100 100 0 0 
1 704 64 0 0 0 0 100 100 0 0 
1 768 64 0 0 0 0 100 100 0 0 
1 832 64 0 0 0 0 100 100 0 0 
1 1152 64 0 0 0 0 100 100 0 0 
1 64 128 0 0 0 0 100 100 0 0 
1 128 128 0 0 0 0 100 100 0 0 
1 192 128 0 0 0 0 100 100 0 0 
1 320 128 0 0 0 0 100 100 0 0 
1 448 128 0 0 0 0 100 100 0 0 
1 512 128 0 0 0 0 100 100 0 0 
1 576 128 0 0 0 0 100 100 0 0 
1 832 128 0 0 0 0 100 100 0 0 
1 64 192 0 0 0 0 100 100 0 0 
1 128 192 0 0 0 0 100 100 0 0 
1 192 192 0 0 0 0 100 100 0 0 
1 320 192 0 0 0 0 100 100 0 0 
1 448 192 0 0 0 0 100 100 0 0 
1 576 192 0 0 0 0 100 100 0 0 
1 832 192 0 0 0 0 100 100 0 0 
1 64 256 0 0 0 0 100 100 0 0 
1 128 256 0 0 0 0 100 100 0 0 
1 192 256 0 0 0 0 100 100 0 0 
1 320 256 0 0 0 0 100 100 0 0 
1 448 256 0 0 0 0 100 100 0 0 
1 576 256 0 0 0 0 100 100 0 0 
1 704 256 0 0 0 0 100 100 0 0 
1 768 256 0 0 0 0 100 100 0 0 
1 832 256 0 0 0 0 100 100 0 0 
1 896 256 0 0 0 0 100 100 0 0 
1 960 256 0 0 0 0 100 100 0 0 
1 1024 256 0 0 0 0 100 100 0 0 
1 1088 256 0 0 0 0 100 100 0 0 
1 1152 256 0 0 0 0 100 100 0 0 
1 64 320 0 0 0 0 100 100 0 0 
1 128 320 0 0 0 0 100 100 0 0 
1 192 320 0 0 0 0 100 100 0 0 
1 320 320 0 0 0 0 100 100 0 0 
1 384 320 0 0 0 0 100 100 0 0 
1 448 320 0 0 0 0 100 100 0 0 
1 576 320 0 0 0 0 100 100 0 0 
1 1152 320 0 0 0 0 100 100 0 0 
1 1152 384 0 0 0 0 100 100 0 0 
1 1024 384 0 0 0 0 100 100 0 0 
1 576 384 0 0 0 0 100 100 0 0 
1 64 448 0 0 0 0 100 100 0 0 
1 192 448 0 0 0 0 100 100 0 0 
1 256 448 0 0 0 0 100 100 0 0 
1 320 448 0 0 0 0 100 100 0 0 
1 448 448 0 0 0 0 100 100 0 0 
1 512 448 0 0 0 0 100 100 0 0 
1 576 448 0 0 0 0 100 100 0 0 
1 1024 448 0 0 0 0 100 100 0 0 
1 1152 448 0 0 0 0 100 100 0 0 
1 1152 512 0 0 0 0 100 100 0 0 
1 1024 512 0 0 0 0 100 100 0 0 
1 960 512 0 0 0 0 100 100 0 0 
1 896 512 0 0 0 0 100 100 0 0 
1 704 512 0 0 0 0 100 100 0 0 
1 448 512 0 0 0 0 100 100 0 0 
1 320 512 0 0 0 0 100 100 0 0 
1 192 512 0 0 0 0 100 100 0 0 
1 64 512 0 0 0 0 100 100 0 0 
1 64 576 0 0 0 0 100 100 0 0 
1 192 576 0 0 0 0 100 100 0 0 
1 320 576 0 0 0 0 100 100 0 0 
1 384 576 0 0 0 0 100 100 0 0 
1 448 576 0 0 0 0 100 100 0 0 
1 576 576 0 0 0 0 100 100 0 0 
1 640 576 0 0 0 0 100 100 0 0 
1 704 576 0 0 0 0 100 100 0 0 
1 1152 576 0 0 0 0 100 100 0 0 
1 1152 640 0 0 0 0 100 100 0 0 
1 1024 640 0 0 0 0 100 100 0 0 
1 448 640 0 0 0 0 100 100 0 0 
1 320 640 0 0 0 0 100 100 0 0 
1 64 640 0 0 0 0 100 100 0 0 
1 64 704 0 0 0 0 100 100 0 0 
1 192 832 0 0 0 0 100 100 0 0 
1 320 832 0 0 0 0 100 100 0 0 
1 320 704 0 0 0 0 100 100 0 0 
1 576 832 0 0 0 0 100 100 0 0 
1 640 832 0 0 0 0 100 100 0 0 
1 768 832 0 0 0 0 100 100 0 0 
1 832 832 0 0 0 0 100 100 0 0 
1 832 704 0 0 0 0 100 100 0 0 
1 896 704 0 0 0 0 100 100 0 0 
1 896 832 0 0 0 0 100 100 0 0 
1 960 832 0 0 0 0 100 100 0 0 
1 1024 704 0 0 0 0 100 100 0 0 
1 1024 768 0 0 0 0 100 100 0 0 
1 1024 832 0 0 0 0 100 100 0 0 
1 1152 704 0 0 0 0 100 100 0 0 
1 1152 768 0 0 0 0 100 100 0 0 
1 1152 832 0 0 0 0 100 100 0 0 
1 1216 64 0 0 0 0 100 100 0 0 
1 1280 64 0 0 0 0 100 100 0 0 
1 1408 64 0 0 0 0 100 100 0 0 
1 1472 64 0 0 0 0 100 100 0 0 
1 1536 64 0 0 0 0 100 100 0 0 
1 1536 128 0 0 0 0 100 100 0 0 
1 1408 128 0 0 0 0 100 100 0 0 
1 1344 128 0 0 0 0 100 100 0 0 
1 1280 128 0 0 0 0 100 100 0 0 
1 1216 128 0 0 0 0 100 100 0 0 
1 1600 384 0 0 0 0 100 100 0 0 
1 1280 640 0 0 0 0 100 100 0 0 
1 1280 704 0 0 0 0 100 100 0 0 
1 1408 704 0 0 0 0 100 100 0 0 
1 1344 704 0 0 0 0 100 100 0 0 
1 1472 704 0 0 0 0 100 100 0 0 
1 1600 704 0 0 0 0 100 100 0 0 
0 64 384 1 0 0 0 100 100 0 0 
0 128 384 1 0 0 0 100 100 0 0 
0 192 384 1 0 0 0 100 100 0 0 
0 320 384 1 0 0 0 100 100 0 0 
0 384 384 1 0 0 0 100 100 0 0 
0 448 384 1 0 0 0 100 100 0 0 
0 512 192 1 0 0 0 100 100 0 0 
0 256 128 1 0 0 0 100 100 0 0 
0 704 448 1 0 0 0 100 100 0 0 
0 768 448 1 0 0 0 100 100 0 0 
0 832 448 1 0 0 0 100 100 0 0 
0 896 448 1 0 0 0 100 100 0 0 
0 960 448 1 0 0 0 100 100 0 0 
0 896 320 1 0 0 0 100 100 0 0 
0 832 320 1 0 0 0 100 100 0 0 
0 768 320 1 0 0 0 100 100 0 0 
0 960 320 1 0 0 0 100 100 0 0 
0 1024 320 1 0 0 0 100 100 0 0 
0 1088 320 1 0 0 0 100 100 0 0 
0 1088 384 1 0 0 0 100 100 0 0 
0 1088 448 1 0 0 0 100 100 0 0 
0 1088 512 1 0 0 0 100 100 0 0 
0 1088 576 1 0 0 0 100 100 0 0 
0 1024 576 1 0 0 0 100 100 0 0 
0 960 576 1 0 0 0 100 100 0 0 
0 832 576 1 0 0 0 100 100 0 0 
3 832 512 1 0 0 0 100 100 0 0 
0 960 192 1 0 0 0 100 100 0 0 
0 1024 192 1 0 0 0 100 100 0 0 
0 1088 192 1 0 0 0 100 100 0 0 
1 704 192 0 0 0 0 100 100 0 0 
1 768 192 0 0 0 0 100 100 0 0 
0 640 128 1 0 0 0 100 100 0 0 
0 704 128 1 0 0 0 100 100 0 0 
0 768 128 1 0 0 0 100 100 0 0 
0 576 512 1 0 0 0 100 100 0 0 
0 512 512 1 0 0 0 100 100 0 0 
0 256 512 1 0 0 0 100 100 0 0 
0 512 576 1 0 0 0 100 100 0 0 
0 512 640 1 0 0 0 100 100 0 0 
0 512 768 1 0 0 0 100 100 0 0 
0 384 640 1 0 0 0 100 100 0 0 
0 448 768 1 0 0 0 100 100 0 0 
0 320 768 1 0 0 0 100 100 0 0 
1 256 832 0 0 0 0 100 100 0 0 
1 512 832 0 0 0 0 100 100 0 0 
0 576 768 1 0 0 0 100 100 0 0 
0 640 768 1 0 0 0 100 100 0 0 
0 704 768 1 0 0 0 100 100 0 0 
0 768 768 1 0 0 0 100 100 0 0 
0 832 768 1 0 0 0 100 100 0 0 
0 896 768 1 0 0 0 100 100 0 0 
0 576 640 1 0 0 0 100 100 0 0 
0 640 640 1 0 0 0 100 100 0 0 
0 704 640 1 0 0 0 100 100 0 0 
1 896 640 0 0 0 0 100 100 0 0 
0 896 576 1 0 0 0 100 100 0 0 
1 832 640 0 0 0 0 100 100 0 0 
0 128 448 1 0 0 0 100 100 0 0 
0 128 640 1 0 0 0 100 100 0 0 
0 192 704 1 0 0 0 100 100 0 0 
1 192 640 0 0 0 0 100 100 0 0 
0 64 832 1 0 0 0 100 100 0 0 
6 128 576 0 1 0 0 100 100 0 0 
6 512 704 0 1 0 0 100 100 0 0 
6 576 704 0 1 0 0 100 100 0 0 
6 640 704 0 1 0 0 100 100 0 0 
6 704 704 0 1 0 0 100 100 0 0 
6 768 704 0 1 0 0 100 100 0 0 
6 448 704 0 1 0 0 100 100 0 0 
6 64 768 0 1 0 0 100 100 0 0 
6 128 768 0 1 0 0 100 100 0 0 
6 128 832 0 1 0 0 100 100 0 0 
6 704 832 0 1 0 0 100 100 0 0 
6 448 832 0 1 0 0 100 100 0 0 
6 384 832 0 1 0 0 100 100 0 0 
0 1088 704 1 0 0 0 100 100 0 0 
0 1216 704 1 0 0 0 100 100 0 0 
0 1280 768 1 0 0 0 100 100 0 0 
0 1344 768 1 0 0 0 100 100 0 0 
0 1408 768 1 0 0 0 100 100 0 0 
0 1472 768 1 0 0 0 100 100 0 0 
6 1408 832 0 1 0 0 100 100 0 0 
6 1216 832 0 1 0 0 100 100 0 0 
6 1280 832 0 1 0 0 100 100 0 0 
6 1344 832 0 1 0 0 100 100 0 0 
6 1472 832 0 1 0 0 100 100 0 0 
6 704 320 0 1 0 0 100 100 0 0 
6 704 384 0 1 0 0 100 100 0 0 
6 768 384 0 1 0 0 100 100 0 0 
6 832 384 0 1 0 0 100 100 0 0 
6 896 384 0 1 0 0 100 100 0 0 
6 960 384 0 1 0 0 100 100 0 0 
0 1536 448 1 0 0 0 100 100 0 0 
2 960 64 0 0 0 0 100 100 0 0 
2 960 128 0 0 0 0 100 100 0 0 
2 1024 64 0 0 0 0 100 100 0 0 
2 1024 128 0 0 0 0 100 100 0 0 
1 1088 64 0 0 0 0 100 100 0 0 
1 1088 128 0 0 0 0 100 100 0 0 
0 1152 192 1 0 0 0 100 100 0 0 
0 1344 192 1 0 0 0 100 100 0 0 
0 1472 192 1 0 0 0 100 100 0 0 
1 1472 128 0 0 0 0 100 100 0 0 
1 1536 256 0 0 0 0 100 100 0 0 
1 1536 320 0 0 0 0 100 100 0 0 
7 1408 256 1 0 0 0 100 100 0 0 
7 1280 192 1 0 0 0 100 100 0 0 
7 1216 192 1 0 0 0 100 100 0 0 
7 1280 576 1 0 0 0 100 100 0 0 
7 1344 576 1 0 0 0 100 100 0 0 
7 1472 640 1 0 0 0 100 100 0 0 
0 1408 192 1 0 0 0 100 100 0 0 
6 1216 640 0 1 0 0 100 100 0 0 
0 1600 1024 1 0 0 0 100 100 0 0 
0 1536 1024 1 0 0 0 100 100 0 0 
0 1472 1024 1 0 0 0 100 100 0 0 
0 1280 1024 1 0 0 0 100 100 0 0 
0 1216 1024 1 0 0 0 100 100 0 0 
0 1152 1024 1 0 0 0 100 100 0 0 
0 1088 1024 1 0 0 0 100 100 0 0 
0 1024 1024 1 0 0 0 100 100 0 0 
1 1024 896 0 0 0 0 100 100 0 0 
1 1024 960 0 0 0 0 100 100 0 0 
6 1088 960 0 1 0 0 100 100 0 0 
6 1152 960 0 1 0 0 100 100 0 0 
6 1536 960 0 1 0 0 100 100 0 0 
6 1600 960 0 1 0 0 100 100 0 0 
6 1600 832 0 1 0 0 100 100 0 0 
6 1600 768 0 1 0 0 100 100 0 0 
1 1216 960 0 0 0 0 100 100 0 0 
1 1600 896 0 0 0 0 100 100 0 0 
6 1600 640 0 1 0 0 100 100 0 0 
6 1600 576 0 1 0 0 100 100 0 0 
6 1600 512 0 1 0 0 100 100 0 0 
6 1600 448 0 1 0 0 100 100 0 0 
6 1536 384 0 1 0 0 100 100 0 0 
6 1536 192 0 1 0 0 100 100 0 0 
6 1344 64 0 1 0 0 100 100 0 0 
6 1152 128 0 1 0 0 100 100 0 0 
3 1088 640 1 0 0 0 100 100 0 0 
4 1344 960 0 0 0 0 100 100 0 0 
4 1408 960 0 0 0 0 100 100 0 0 
5 1280 960 0 0 0 0 100 100 0 0 
5 1472 960 0 0 0 0 100 100 0 0 
3 1344 1024 1 0 0 0 100 100 0 0 
3 1408 1024 1 0 0 0 100 100 0 0 
0 1280 1088 1 0 0 0 100 100 0 0 
0 1344 1088 1 0 0 0 100 100 0 0 
0 1408 1088 1 0 0 0 100 100 0 0 
0 1472 1088 1 0 0 0 100 100 0 0 
0 1600 0 1 0 0 0 100 100 0 0 
0 1536 0 1 0 0 0 100 100 0 0 
0 1472 0 1 0 0 0 100 100 0 0 
0 1408 0 1 0 0 0 100 100 0 0 
0 1344 0 1 0 0 0 100 100 0 0 
0 1280 0 1 0 0 0 100 100 0 0 
0 1216 0 1 0 0 0 100 100 0 0 
0 1152 0 1 0 0 0 100 100 0 0 
0 1088 0 1 0 0 0 100 100 0 0 
0 1024 0 1 0 0 0 100 100 0 0 
0 960 0 1 0 0 0 100 100 0 0 
0 768 0 1 0 0 0 100 100 0 0 
0 832 0 1 0 0 0 100 100 0 0 
0 704 0 1 0 0 0 100 100 0 0 
0 640 0 1 0 0 0 100 100 0 0 
0 576 0 1 0 0 0 100 100 0 0 
0 512 0 1 0 0 0 100 100 0 0 
0 448 0 1 0 0 0 100 100 0 0 
0 384 0 1 0 0 0 100 100 0 0 
0 320 0 1 0 0 0 100 100 0 0 
0 256 0 1 0 0 0 100 100 0 0 
0 192 0 1 0 0 0 100 100 0 0 
0 128 0 1 0 0 0 100 100 0 0 
0 64 0 1 0 0 0 100 100 0 0 
0 0 0 1 0 0 0 100 100 0 0 
0 64 896 1 0 0 0 100 100 0 0 
0 0 896 1 0 0 0 100 100 0 0 
0 0 832 1 0 0 0 100 100 0 0 
0 0 768 1 0 0 0 100 100 0 0 
0 0 704 1 0 0 0 100 100 0 0 
0 0 640 1 0 0 0 100 100 0 0 
0 0 576 1 0 0 0 100 100 0 0 
0 0 512 1 0 0 0 100 100 0 0 
0 0 448 1 0 0 0 100 100 0 0 
0 0 384 1 0 0 0 100 100 0 0 
0 0 320 1 0 0 0 100 100 0 0 
0 0 256 1 0 0 0 100 100 0 0 
0 0 192 1 0 0 0 100 100 0 0 
0 0 128 1 0 0 0 100 100 0 0 
0 0 64 1 0 0 0 100 100 0 0 
0 256 384 1 0 0 0 100 100 0 0 
0 256 320 1 0 0 0 100 100 0 0 
0 256 256 1 0 0 0 100 100 0 0 
0 256 192 1 0 0 0 100 100 0 0 
0 384 64 1 0 0 0 100 100 0 0 
0 384 128 1 0 0 0 100 100 0 0 
0 384 192 1 0 0 0 100 100 0 0 
0 384 256 1 0 0 0 100 100 0 0 
0 512 384 1 0 0 0 100 100 0 0 
0 512 320 1 0 0 0 100 100 0 0 
0 512 256 1 0 0 0 100 100 0 0 
0 640 512 1 0 0 0 100 100 0 0 
0 640 448 1 0 0 0 100 100 0 0 
0 640 384 1 0 0 0 100 100 0 0 
0 640 320 1 0 0 0 100 100 0 0 
0 640 256 1 0 0 0 100 100 0 0 
0 640 192 1 0 0 0 100 100 0 0 
0 768 640 1 0 0 0 100 100 0 0 
0 768 576 1 0 0 0 100 100 0 0 
0 768 512 1 0 0 0 100 100 0 0 
0 384 704 1 0 0 0 100 100 0 0 
0 256 576 1 0 0 0 100 100 0 0 
0 256 640 1 0 0 0 100 100 0 0 
0 256 704 1 0 0 0 100 100 0 0 
0 256 768 1 0 0 0 100 100 0 0 
0 192 768 1 0 0 0 100 100 0 0 
0 128 704 1 0 0 0 100 100 0 0 
0 128 512 1 0 0 0 100 100 0 0 
0 384 512 1 0 0 0 100 100 0 0 
0 384 448 1 0 0 0 100 100 0 0 
0 384 768 1 0 0 0 100 100 0 0 
0 960 640 1 0 0 0 100 100 0 0 
0 960 704 1 0 0 0 100 100 0 0 
0 960 768 1 0 0 0 100 100 0 0 
0 1088 832 1 0 0 0 100 100 0 0 
0 1088 768 1 0 0 0 100 100 0 0 
0 960 960 1 0 0 0 100 100 0 0 
0 960 1024 1 0 0 0 100 100 0 0 
0 1088 896 1 0 0 0 100 100 0 0 
0 1536 768 1 0 0 0 100 100 0 0 
0 1536 832 1 0 0 0 100 100 0 0 
0 1536 896 1 0 0 0 100 100 0 0 
7 1216 384 1 0 0 0 100 100 0 0 
7 1216 448 1 0 0 0 100 100 0 0 
7 1216 512 1 0 0 0 100 100 0 0 
7 1344 320 1 0 0 0 100 100 0 0 
7 1344 384 1 0 0 0 100 100 0 0 
7 1472 384 1 0 0 0 100 100 0 0 
7 1472 448 1 0 0 0 100 100 0 0 
7 1536 512 1 0 0 0 100 100 0 0 
7 1536 704 1 0 0 0 100 100 0 0 
0 1536 576 1 0 0 0 100 100 0 0 
0 1536 640 1 0 0 0 100 100 0 0 
0 1344 640 1 0 0 0 100 100 0 0 
0 1216 576 1 0 0 0 100 100 0 0 
0 1216 768 1 0 0 0 100 100 0 0 
0 1216 320 1 0 0 0 100 100 0 0 
0 1344 256 1 0 0 0 100 100 0 0 
0 1472 256 1 0 0 0 100 100 0 0 
0 1472 320 1 0 0 0 100 100 0 0 
0 896 0 1 0 0 0 100 100 0 0 
0 896 64 1 0 0 0 100 100 0 0 
0 896 128 1 0 0 0 100 100 0 0 
0 896 192 1 0 0 0 100 100 0 0 
0 1600 320 1 0 0 0 100 100 0 0 
0 1600 256 1 0 0 0 100 100 0 0 
0 1600 192 1 0 0 0 100 100 0 0 
0 1600 128 1 0 0 0 100 100 0 0 
0 1600 64 1 0 0 0 100 100 0 0 
0 1664 0 1 0 0 0 100 100 0 0 
0 1664 1024 1 0 0 0 100 100 0 0 
0 1664 960 1 0 0 0 100 100 0 0 
0 1664 896 1 0 0 0 100 100 0 0 
0 1664 832 1 0 0 0 100 100 0 0 
0 1664 768 1 0 0 0 100 100 0 0 
0 1664 704 1 0 0 0 100 100 0 0 
0 1664 640 1 0 0 0 100 100 0 0 
0 1664 576 1 0 0 0 100 100 0 0 
0 1664 512 1 0 0 0 100 100 0 0 
0 1664 448 1 0 0 0 100 100 0 0 
0 1664 384 1 0 0 0 100 100 0 0 
0 1664 320 1 0 0 0 100 100 0 0 
0 1664 256 1 0 0 0 100 100 0 0 
0 1664 192 1 0 0 0 100 100 0 0 
0 1664 128 1 0 0 0 100 100 0 0 
0 1664 64 1 0 0 0 100 100 0 0 
0 1408 640 1 0 0 0 100 100 0 0 
1 1216 256 0 0 0 0 100 100 0 0 
1 1280 256 0 0 0 0 100 100 0 0 
1 1280 320 0 0 0 0 100 100 0 0 
1 1280 384 0 0 0 0 100 100 0 0 
1 1280 448 0 0 0 0 100 100 0 0 
1 1280 512 0 0 0 0 100 100 0 0 
1 1344 448 0 0 0 0 100 100 0 0 
1 1344 512 0 0 0 0 100 100 0 0 
1 1408 320 0 0 0 0 100 100 0 0 
1 1408 384 0 0 0 0 100 100 0 0 
1 1408 448 0 0 0 0 100 100 0 0 
1 1408 512 0 0 0 0 100 100 0 0 
1 1408 576 0 0 0 0 100 100 0 0 
1 1472 512 0 0 0 0 100 100 0 0 
1 1472 576 0 0 0 0 100 100 0 0 
6 1216 256 0 1 0 0 100 100 0 0 
6 1280 256 0 1 0 0 100 100 0 0 
6 1280 320 0 1 0 0 100 100 0 0 
6 1280 384 0 1 0 0 100 100 0 0 
6 1280 448 0 1 0 0 100 100 0 0 
6 1280 512 0 1 0 0 100 100 0 0 
6 1344 448 0 1 0 0 100 100 0 0 
6 1344 512 0 1 0 0 100 100 0 0 
6 1408 320 0 1 0 0 100 100 0 0 
6 1408 384 0 1 0 0 100 100 0 0 
6 1408 448 0 1 0 0 100 100 0 0 
6 1408 512 0 1 0 0 100 100 0 0 
6 1408 576 0 1 0 0 100 100 0 0 
6 1472 512 0 1 0 0 100 100 0 0 
6 1472 576 0 1 0 0 100 100 0 0 
box 1728 1152 
